True
initial: 7901.107588222137
step: 0, cost: 3845.084871382126
step: 1, cost: 3102.8436091931762
step: 2, cost: 2630.533877042392
step: 3, cost: 2382.5006221943945
step: 4, cost: 2288.5956063012723
step: 5, cost: 2254.4301268198496
step: 6, cost: 2251.5563578310607
step: 7, cost: 2251.5563578310607
Strategy: iterative_sol_2opt
truck 1: 0 25 63 56 47 31 33 41 28 65 83 27 0
truck 2: 0 26 20 75 74 73 0
truck 3: 0 19 24 70 72 71 51 61 0
truck 4: 0 68 60 29 44 67 39 40 36 48 34 30 58 32 49 53 0
truck 5: 0 18 92 90 11 12 0
truck 6: 0 17 91 88 94 98 95 10 1 2 9 86 84 87 81 85 13 21 0
truck 7: 0 52 55 57 76 79 43 42 37 46 54 45 35 59 62 0
truck 8: 0 69 77 78 38 80 0
truck 9: 0 14 22 4 5 100 82 50 66 64 0
truck 10: 0 16 7 6 8 3 15 0
truck 11: 0 23 99 96 89 93 97 0

distance: 2251.5563578310607
True
initial: 3294.865797595536
step: 0, cost: 1437.561171242722
step: 1, cost: 1121.7740323718385
step: 2, cost: 998.9137380136788
step: 3, cost: 962.0834576507475
step: 4, cost: 940.2558085414898
step: 5, cost: 940.2485931028205
step: 6, cost: 940.2485931028205
Strategy: iterative_sol_2opt
truck 1: 0 95 92 37 100 44 14 38 86 91 98 59 99 96 0
truck 2: 0 53 40 73 25 39 67 23 56 41 15 43 42 97 13 0
truck 3: 0 30 66 65 71 35 9 81 34 78 79 76 28 0
truck 4: 0 69 1 70 31 52 82 7 62 10 90 32 20 51 33 3 50 0
truck 5: 0 6 93 85 16 61 17 84 5 60 83 45 46 8 18 89 0
truck 6: 0 58 21 72 4 75 74 22 2 57 87 94 0
truck 7: 0 26 54 55 24 29 77 68 80 12 0
truck 8: 0 27 88 48 47 19 11 63 64 36 49 0

distance: 940.2485931028205
True
initial: 6807.058704171873
step: 0, cost: 2831.867869629305
step: 1, cost: 1973.3327231240046
step: 2, cost: 1696.4071658327439
step: 3, cost: 1627.2873560822657
step: 4, cost: 1562.5187387103733
step: 5, cost: 1499.1725263748888
step: 6, cost: 1466.3834249797928
step: 7, cost: 1443.773745694845
step: 8, cost: 1436.8785160826205
step: 9, cost: 1432.508346440928
step: 10, cost: 1428.7475127119915
step: 11, cost: 1402.505861880905
step: 12, cost: 1344.0837591224727
step: 13, cost: 1334.6055937723834
step: 14, cost: 1332.4231762716481
step: 15, cost: 1330.511708884348
step: 16, cost: 1323.0575730626306
step: 17, cost: 1317.101207438086
step: 18, cost: 1317.1012074380858
step: 19, cost: 1317.1012074380858
Strategy: iterative_sol_2opt
truck 1: 0 120 69 70 72 75 78 58 55 79 77 74 71 67 107 0
truck 2: 0 92 91 21 20 28 31 33 34 36 35 32 29 49 46 44 41 42 39 38 110 100 99 101 0
truck 3: 0 119 81 6 5 10 9 14 13 12 8 118 114 90 89 87 0
truck 4: 0 105 106 104 103 73 76 80 56 60 63 66 64 62 61 65 53 68 102 0
truck 5: 0 93 94 97 115 40 43 48 50 51 45 59 57 54 52 98 116 0
truck 6: 0 88 111 86 85 18 7 11 15 4 3 1 2 83 113 117 84 112 82 0
truck 7: 0 95 96 109 37 47 26 23 30 27 24 22 25 19 16 17 108 0

distance: 1317.1012074380858
True
initial: 6893.939240537265
step: 0, cost: 2292.423509066231
step: 1, cost: 1726.2309732337324
step: 2, cost: 1581.8197148269367
step: 3, cost: 1493.1906045898409
step: 4, cost: 1433.5145962162885
step: 5, cost: 1422.7929331716439
step: 6, cost: 1368.4204767180581
step: 7, cost: 1359.3898984392883
step: 8, cost: 1325.5809837059512
step: 9, cost: 1324.3798981403754
step: 10, cost: 1324.3798981403754
Strategy: iterative_sol_2opt
truck 1: 0 17 113 128 127 120 116 131 117 18 118 46 0
truck 2: 0 91 21 25 60 61 58 55 56 57 105 97 96 38 39 40 3 41 42 4 5 9 6 7 8 10 12 11 14 88 15 13 16 2 44 43 45 94 93 29 92 27 90 89 87 86 85 84 83 20 0
truck 3: 0 82 65 115 114 106 107 108 109 119 130 19 0
truck 4: 0 23 24 22 26 28 30 31 59 52 51 50 49 34 32 47 0
truck 5: 0 133 33 80 81 132 71 66 0
truck 6: 0 73 74 134 76 77 64 63 79 70 69 110 122 121 129 126 124 123 111 125 112 68 67 78 0
truck 7: 0 72 75 1 48 62 54 103 53 102 104 101 35 36 95 37 99 100 98 0

distance: 1324.3798981403754
True
initial: 16163.36459234896
step: 0, cost: 6473.476972999161
step: 1, cost: 4783.705134817576
step: 2, cost: 3864.369660037251
step: 3, cost: 3679.884348425821
step: 4, cost: 3530.1582559139856
step: 5, cost: 3454.3363179976977
step: 6, cost: 3404.89018809286
step: 7, cost: 3391.1487679629904
step: 8, cost: 3316.556182162356
step: 9, cost: 3309.77908284946
step: 10, cost: 3304.9626095418816
step: 11, cost: 3304.9626095418816
Strategy: iterative_sol_2opt
truck 1: 0 53 66 74 71 72 67 73 133 131 129 56 63 52 0
truck 2: 0 137 80 89 142 147 140 141 148 138 146 2 14 1 6 0
truck 3: 0 145 149 144 139 143 13 150 111 0
truck 4: 0 61 62 136 55 60 0
truck 5: 0 76 77 78 83 79 92 84 82 81 91 86 87 85 0
truck 6: 0 57 39 47 49 40 38 43 44 68 70 65 69 54 0
truck 7: 0 94 96 95 93 75 88 90 0
truck 8: 0 110 15 12 16 5 17 9 3 10 11 4 8 7 98 109 0
truck 9: 0 59 58 51 130 132 25 27 0
truck 10: 0 112 105 103 99 108 104 101 42 48 50 45 41 46 0
truck 11: 0 24 125 113 124 120 123 115 26 28 20 0
truck 12: 0 18 21 22 35 19 33 0
truck 13: 0 34 37 29 127 119 31 32 30 23 36 0
truck 14: 0 135 121 114 117 122 116 128 126 118 134 64 0
truck 15: 0 106 100 97 102 107 0

distance: 3304.9626095418816
True
initial: 509.11815401678757
step: 0, cost: 436.9995754293904
step: 1, cost: 395.50163780443154
step: 2, cost: 356.6237775854695
step: 3, cost: 356.6237775854695
Strategy: iterative_sol_2opt
truck 1: 0 14 13 4 0
truck 2: 0 7 3 11 0
truck 3: 0 8 2 0
truck 4: 0 1 9 10 15 5 0
truck 5: 0 6 12 0

distance: 356.6237775854695
True
initial: 6811.285069279294
step: 0, cost: 3789.008176555986
step: 1, cost: 2901.1475659083926
step: 2, cost: 2455.6847817062358
step: 3, cost: 2279.1276030465538
step: 4, cost: 2174.702215528619
step: 5, cost: 2085.715866767059
step: 6, cost: 2057.877443172124
step: 7, cost: 1979.9818935818448
step: 8, cost: 1919.0077221968506
step: 9, cost: 1905.1130647267464
step: 10, cost: 1889.506654369599
step: 11, cost: 1885.4355024925444
step: 12, cost: 1869.8075925210949
step: 13, cost: 1821.6276902215138
step: 14, cost: 1797.970977381487
step: 15, cost: 1767.8789109915688
step: 16, cost: 1767.8789109915688
Strategy: iterative_sol_2opt
truck 1: 0 26 100 169 10 110 148 92 135 146 118 106 44 55 0
truck 2: 0 149 51 46 65 179 70 13 123 15 153 58 29 30 152 0
truck 3: 0 96 195 185 90 41 113 42 190 43 136 186 0
truck 4: 0 50 71 131 80 119 164 85 134 177 128 35 180 132 7 139 112 0
truck 5: 0 111 27 83 124 20 88 103 5 45 98 125 0
truck 6: 0 194 158 197 199 184 160 62 115 89 68 22 0
truck 7: 0 72 75 162 31 165 11 84 69 108 60 0
truck 8: 0 87 4 54 171 2 193 33 61 0
truck 9: 0 79 154 138 166 122 120 1 191 192 198 53 105 6 0
truck 10: 0 161 163 189 57 39 109 129 77 38 170 52 150 81 0
truck 11: 0 34 167 78 19 133 14 178 8 102 176 175 0
truck 12: 0 188 16 159 67 104 183 23 116 144 74 107 49 182 117 0
truck 13: 0 76 40 130 187 32 18 73 145 24 63 151 95 0
truck 14: 0 172 48 59 37 36 155 174 173 82 121 140 94 64 156 93 157 0
truck 15: 0 126 17 168 12 97 9 25 56 147 181 3 0
truck 16: 0 127 99 47 21 114 142 137 143 91 141 28 101 86 66 196 0

distance: 1767.8789109915688
True
initial: 620.4209677297049
step: 0, cost: 475.9634475284701
step: 1, cost: 428.63295620813955
step: 2, cost: 405.5905517368587
step: 3, cost: 404.44171724348206
step: 4, cost: 400.2387151346672
step: 5, cost: 400.2387151346672
Strategy: iterative_sol_2opt
truck 1: 0 3 15 4 14 0
truck 2: 0 11 19 10 18 16 17 0
truck 3: 0 2 7 9 5 20 6 0
truck 4: 0 8 13 1 12 0

distance: 400.2387151346672
True
initial: 3421.8820014683433
step: 0, cost: 1417.9569929992042
step: 1, cost: 1123.9700032646815
step: 2, cost: 947.7248041822065
step: 3, cost: 858.9971999209885
step: 4, cost: 815.1799585676702
step: 5, cost: 799.2350508446158
step: 6, cost: 785.9895412761887
step: 7, cost: 775.8799500279877
step: 8, cost: 775.5775616832555
step: 9, cost: 775.5775616832552
step: 10, cost: 775.2835288498565
step: 11, cost: 774.7259512896754
step: 12, cost: 774.7259512896754
Strategy: iterative_sol_2opt
truck 1: 0 58 71 179 131 136 233 120 192 137 77 0
truck 2: 0 14 134 135 194 195 196 191 239 238 237 178 57 52 0
truck 3: 0 2 33 34 99 158 209 183 149 98 89 29 0
truck 4: 0 53 113 74 75 76 11 119 118 117 59 16 15 0
truck 5: 0 173 180 138 139 199 66 79 6 19 0
truck 6: 0 169 229 130 231 190 236 235 176 175 174 55 0
truck 7: 0 44 49 50 109 164 224 217 166 107 64 104 4 0
truck 8: 0 32 146 206 127 207 187 212 211 31 30 0
truck 9: 0 12 240 60 72 17 18 78 73 1 0
truck 10: 0 96 123 156 43 69 168 129 227 226 157 0
truck 11: 0 5 65 125 185 232 177 172 112 0
truck 12: 0 24 84 143 144 203 204 186 126 198 197 132 0
truck 13: 0 62 122 182 208 213 154 153 148 88 28 0
truck 14: 0 8 160 220 188 215 214 95 94 93 0
truck 15: 0 54 115 56 10 111 70 116 234 225 165 114 105 45 0
truck 16: 0 38 39 40 100 159 218 219 128 155 68 35 0
truck 17: 0 21 81 141 90 91 150 201 210 151 92 7 87 86 27 0
truck 18: 0 20 80 25 26 85 67 152 147 205 200 145 140 61 0
truck 19: 0 3 63 101 102 103 9 42 41 36 0
truck 20: 0 51 110 170 171 230 184 124 106 97 46 37 0
truck 21: 0 23 83 142 193 202 181 121 133 82 22 13 0
truck 22: 0 47 48 108 167 228 189 223 222 163 162 221 161 216 0

distance: 774.7259512896754
True
initial: 27111.42560139146
step: 0, cost: 11650.818597475487
step: 1, cost: 9275.345945507588
step: 2, cost: 7862.318535278333
step: 3, cost: 7286.1958947865905
step: 4, cost: 7025.781150524949
step: 5, cost: 6802.923610761946
step: 6, cost: 6649.666542309779
step: 7, cost: 6623.456665369778
step: 8, cost: 6597.0140759950655
step: 9, cost: 6576.562605973319
step: 10, cost: 6576.562605973317
step: 11, cost: 6576.562605973317
Strategy: iterative_sol_2opt
truck 1: 0 213 172 164 160 156 259 216 46 93 179 200 208 141 215 0
truck 2: 0 186 81 4 256 188 95 182 28 140 112 0
truck 3: 0 195 228 53 65 206 36 183 150 9 26 148 0
truck 4: 0 157 43 223 102 15 219 146 177 0
truck 5: 0 16 85 222 236 257 92 41 158 51 32 78 136 0
truck 6: 0 96 100 34 87 154 76 155 231 142 68 211 0
truck 7: 0 190 243 169 171 181 162 52 84 0
truck 8: 0 73 198 12 129 130 49 124 137 260 27 0
truck 9: 0 153 248 121 106 189 220 83 217 0
truck 10: 0 166 185 252 209 145 115 70 99 234 61 5 191 204 0
truck 11: 0 8 180 50 88 247 151 218 184 144 246 0
truck 12: 0 225 39 233 67 20 109 227 132 0
truck 13: 0 116 250 152 192 94 86 149 119 239 35 7 74 0
truck 14: 0 64 193 101 251 114 170 2 173 255 18 30 54 0
truck 15: 0 125 58 230 89 167 13 238 57 163 0
truck 16: 0 135 105 60 110 210 178 253 174 196 111 165 6 0
truck 17: 0 118 37 107 98 240 117 29 97 69 0
truck 18: 0 11 175 258 245 147 159 134 59 75 237 0
truck 19: 0 62 38 176 226 66 254 241 235 82 224 0
truck 20: 0 207 19 33 108 244 138 21 72 0
truck 21: 0 44 22 128 143 14 212 77 91 45 187 161 199 0
truck 22: 0 104 25 63 48 23 120 126 3 123 0
truck 23: 0 249 242 56 113 194 42 10 131 214 203 0
truck 24: 0 261 79 232 202 139 1 229 71 31 205 221 90 133 0
truck 25: 0 122 201 24 127 40 17 55 47 168 103 80 197 0

distance: 6576.562605973317
True
initial: 1894.7779750511354
step: 0, cost: 780.2643173294351
step: 1, cost: 621.3938662166886
step: 2, cost: 609.2419809870462
step: 3, cost: 609.2419809870462
Strategy: iterative_sol_2opt
truck 1: 0 22 2 4 1 6 27 28 19 0
truck 2: 0 15 11 12 9 8 21 0
truck 3: 0 18 23 14 17 7 13 16 10 26 29 25 24 5 3 20 0
truck 4: 0 0

distance: 609.2419809870462
True
initial: 122845.32975874466
step: 0, cost: 64152.6368659487
step: 1, cost: 50544.004478010655
step: 2, cost: 43725.901137311026
step: 3, cost: 40157.83006862451
step: 4, cost: 37630.56805518531
step: 5, cost: 35409.45899296518
step: 6, cost: 34887.72775500523
step: 7, cost: 34136.14061802833
step: 8, cost: 33327.38254846924
step: 9, cost: 32699.750015520403
step: 10, cost: 32506.054740274223
step: 11, cost: 31820.591429655084
step: 12, cost: 31621.587858438335
step: 13, cost: 31086.17946358137
step: 14, cost: 30976.671006212295
step: 15, cost: 30976.671006212295
Strategy: iterative_sol_2opt
truck 1: 0 379 280 282 89 299 0
truck 2: 0 69 60 62 64 65 66 28 9 31 35 46 47 48 45 384 43 44 42 41 36 34 10 155 154 149 0
truck 3: 0 2 134 135 143 151 148 166 167 381 169 172 170 180 178 183 339 338 335 0
truck 4: 0 330 329 348 349 208 189 345 378 0
truck 5: 0 304 290 289 88 55 80 103 376 102 104 105 72 106 123 371 130 98 0
truck 6: 0 262 228 351 229 239 243 0
truck 7: 0 138 318 0
truck 8: 0 316 268 298 0
truck 9: 0 287 277 241 222 3 224 232 252 258 320 0
truck 10: 0 312 99 100 188 291 264 1 0
truck 11: 0 137 136 128 131 267 273 297 0
truck 12: 0 263 265 255 256 251 250 249 235 233 380 0
truck 13: 0 125 107 109 112 67 63 71 70 124 87 0
truck 14: 0 353 356 303 307 0
truck 15: 0 95 127 94 0
truck 16: 0 253 238 231 230 226 227 0
truck 17: 0 85 82 81 74 73 61 18 15 68 14 16 26 6 27 120 119 113 122 129 0
truck 18: 0 191 195 196 200 216 373 213 207 194 176 174 0
truck 19: 0 293 317 0
truck 20: 0 145 121 114 118 369 116 115 150 152 0
truck 21: 0 272 271 336 341 340 344 140 133 97 132 0
truck 22: 0 322 296 274 0
truck 23: 0 91 93 96 101 90 79 50 76 75 110 108 126 0
truck 24: 0 382 358 92 0
truck 25: 0 315 314 0
truck 26: 0 284 279 257 254 248 244 240 237 234 236 242 246 260 0
truck 27: 0 185 202 342 346 347 343 367 182 179 0
truck 28: 0 332 383 361 362 0
truck 29: 0 323 363 326 327 301 0
truck 30: 0 53 51 281 247 245 259 266 0
truck 31: 0 309 295 292 321 310 0
truck 32: 0 319 285 286 276 278 385 56 83 86 0
truck 33: 0 306 57 77 59 58 78 49 187 54 0
truck 34: 0 328 375 357 359 364 0
truck 35: 0 372 308 305 294 0
truck 36: 0 313 84 52 283 0
truck 37: 0 171 165 192 201 368 37 38 40 39 33 198 5 158 159 160 366 161 163 142 0
truck 38: 0 261 225 223 221 350 355 354 352 0
truck 39: 0 181 186 190 193 203 209 205 210 211 212 215 365 218 220 219 217 214 204 206 199 177 175 173 139 0
truck 40: 0 288 374 275 0
truck 41: 0 269 184 333 0
truck 42: 0 146 147 117 7 30 22 29 17 19 370 377 111 0
truck 43: 0 325 360 324 337 300 0
truck 44: 0 270 331 334 0
truck 45: 0 144 153 164 162 156 157 4 8 25 24 13 23 20 21 11 12 32 197 168 141 0
truck 46: 0 311 302 0
truck 47: 0 0

distance: 30976.671006212295
True
initial: 1374.2455563238595
step: 0, cost: 1139.1294207267958
step: 1, cost: 1051.2177919400683
step: 2, cost: 986.943005695299
step: 3, cost: 953.9512189531362
step: 4, cost: 953.9512189531362
Strategy: iterative_sol_2opt
truck 1: 0 33 2 0
truck 2: 0 40 12 0
truck 3: 0 17 18 24 0
truck 4: 0 38 3 23 16 0
truck 5: 0 21 36 37 0
truck 6: 0 27 30 6 0
truck 7: 0 8 20 5 0
truck 8: 0 19 29 4 0
truck 9: 0 11 13 15 0
truck 10: 0 35 14 34 0
truck 11: 0 39 31 25 0
truck 12: 0 7 10 26 0
truck 13: 0 9 32 0
truck 14: 0 1 22 28 0

distance: 953.9512189531362
True
initial: 2553.334732578391
step: 0, cost: 1213.9971918218462
step: 1, cost: 984.207093893587
step: 2, cost: 919.1752052401098
step: 3, cost: 902.786438439018
step: 4, cost: 863.472879519023
step: 5, cost: 861.9970944498249
step: 6, cost: 861.9970944498249
Strategy: iterative_sol_2opt
truck 1: 0 8 19 22 23 26 25 20 21 0
truck 2: 0 43 44 41 32 28 29 6 5 7 3 34 36 42 38 0
truck 3: 0 15 1 2 10 17 11 12 13 14 4 35 27 33 31 30 40 39 37 9 0
truck 4: 0 18 16 24 0

distance: 861.9970944498249
True
initial: 1649.6064802532808
step: 0, cost: 1009.508055446186
step: 1, cost: 788.1549671802023
step: 2, cost: 724.6997426054724
step: 3, cost: 688.3767272968322
step: 4, cost: 644.9302427078399
step: 5, cost: 628.3054113214447
step: 6, cost: 602.3590115253193
step: 7, cost: 577.0887140968737
step: 8, cost: 573.16916688655
step: 9, cost: 567.2532101698164
step: 10, cost: 567.2532101698164
Strategy: iterative_sol_2opt
truck 1: 0 6 14 25 18 17 44 37 47 0
truck 2: 0 11 16 21 34 30 39 10 49 38 5 0
truck 3: 0 12 15 33 45 42 19 40 41 13 4 0
truck 4: 0 27 48 8 22 20 2 1 32 0
truck 5: 0 46 9 50 29 35 36 3 28 31 26 7 23 43 24 0

distance: 567.2532101698164
True
initial: 2702.8450249329326
step: 0, cost: 1297.7660350290364
step: 1, cost: 936.8592102193816
step: 2, cost: 869.1500205217717
step: 3, cost: 856.4114633827359
step: 4, cost: 853.4938607222479
step: 5, cost: 853.4938607222479
Strategy: iterative_sol_2opt
truck 1: 0 4 57 15 37 70 36 47 5 48 30 0
truck 2: 0 68 1 62 74 28 61 21 69 71 60 20 0
truck 3: 0 2 73 22 64 42 43 41 56 23 16 51 0
truck 4: 0 67 46 34 45 27 52 8 7 0
truck 5: 0 72 39 25 55 18 50 32 24 49 75 0
truck 6: 0 26 17 12 40 44 3 63 33 6 0
truck 7: 0 9 31 10 65 11 38 58 0
truck 8: 0 29 13 54 19 35 14 59 66 53 0

distance: 853.4938607222479
initial: 7957.250263612609
step: 0, cost: 7769.267929500301
