initial: 7957.250263612609
step: 0, cost: 7769.267929500301
step: 100, cost: 3730.251132275591
step: 200, cost: 3104.160917891219
step: 300, cost: 2995.7083227329344
step: 400, cost: 2960.9098976555792
step: 500, cost: 2928.8366691170995
step: 600, cost: 2858.816983729782
step: 700, cost: 2831.8312386569605
step: 800, cost: 2858.713261442482
step: 900, cost: 2820.9361421987287
Strategy: iterative_sol
truck 1: 0 63 43 54 84 87 81 82 86 100 9 2 1 7 0
truck 2: 0 21 27 55 79 78 80 51 92 0
truck 3: 0 19 24 3 8 6 50 83 85 29 44 32 0
truck 4: 0 13 95 98 94 88 20 14 0
truck 5: 0 12 23 89 93 97 15 16 0
truck 6: 0 64 66 60 28 30 58 67 35 49 53 25 0
truck 7: 0 11 96 91 99 26 17 0
truck 8: 0 90 18 71 69 77 76 0
truck 9: 0 52 61 57 62 45 36 48 34 42 37 46 68 65 0
truck 10: 0 22 73 74 75 10 5 4 0
truck 11: 0 59 41 39 40 33 31 47 38 56 72 70 0

distance: 2831.3866151132015
initial: 3338.7975628685135
step: 0, cost: 3265.8360450438604
step: 100, cost: 1594.836904987986
step: 200, cost: 1307.981551164842
step: 300, cost: 1178.4541786263708
step: 400, cost: 1120.1710445496462
step: 500, cost: 1071.42927662177
step: 600, cost: 1016.7159911208921
step: 700, cost: 1003.7768991834267
step: 800, cost: 1040.905877857874
step: 900, cost: 1028.0904481281823
Strategy: iterative_sol
truck 1: 0 53 40 21 75 39 54 26 28 88 48 7 0
truck 2: 0 50 81 34 78 29 24 55 25 67 23 56 4 73 57 2 0
truck 3: 0 58 72 74 22 41 15 43 42 14 44 100 98 99 96 0
truck 4: 0 13 87 97 92 59 93 91 85 37 95 0
truck 5: 0 1 77 3 79 33 51 20 66 71 65 35 9 0
truck 6: 0 27 69 70 10 63 90 32 30 76 80 68 12 0
truck 7: 0 89 18 82 8 45 84 17 86 38 16 61 5 60 0
truck 8: 0 52 6 94 83 46 47 36 49 64 11 19 62 31 0

distance: 1014.6153593961693
initial: 6828.692011824656
step: 0, cost: 6687.598488461361
step: 100, cost: 3109.900886913339
step: 200, cost: 2576.5511938833606
step: 300, cost: 2417.9679520375075
step: 400, cost: 2302.744097344911
step: 500, cost: 2249.6656637288856
step: 600, cost: 2151.9344469065077
step: 700, cost: 2119.8788415628674
step: 800, cost: 2113.2308111673274
step: 900, cost: 2083.876841553852
Strategy: iterative_sol
truck 1: 0 91 21 20 23 27 30 16 3 4 10 9 37 39 45 43 40 59 103 0
truck 2: 0 105 106 67 72 25 33 36 32 31 35 29 49 46 47 48 92 112 85 82 119 0
truck 3: 0 120 96 99 100 116 75 98 19 22 24 34 26 28 109 83 117 84 0
truck 4: 0 111 18 11 15 13 8 41 58 60 63 66 62 57 53 52 110 0
truck 5: 0 95 94 70 71 76 78 79 80 55 42 44 14 1 2 114 118 90 93 0
truck 6: 0 86 87 89 113 12 17 68 77 73 74 69 104 107 102 101 0
truck 7: 0 81 88 97 115 50 51 65 61 64 56 54 38 7 5 6 108 0

distance: 2095.261694672928
initial: 6918.12601378216
step: 0, cost: 6793.888177926759
step: 100, cost: 2546.7306945958553
step: 200, cost: 2099.7815765769074
step: 300, cost: 1981.179616271896
step: 400, cost: 1849.2342559549695
step: 500, cost: 1797.5533036890265
step: 600, cost: 1779.8417706240537
step: 700, cost: 1756.2561116692254
step: 800, cost: 1696.3972840479967
step: 900, cost: 1642.434772340431
Strategy: iterative_sol
truck 1: 0 71 81 112 125 123 124 127 120 121 126 113 0
truck 2: 0 82 20 83 85 84 86 87 16 13 15 88 14 11 12 97 37 99 36 35 101 52 51 50 48 1 0
truck 3: 0 21 25 27 89 90 92 94 38 95 98 104 103 55 32 134 77 68 70 69 110 0
truck 4: 0 118 116 106 107 108 109 122 111 132 73 61 56 57 105 29 28 26 91 0
truck 5: 0 66 33 80 133 78 76 34 49 53 58 30 31 0
truck 6: 0 22 24 60 59 93 45 43 44 4 5 6 7 8 9 10 2 42 41 3 40 39 96 100 102 54 62 75 47 23 72 64 63 79 67 74 0
truck 7: 0 46 17 18 117 131 115 114 129 128 119 130 65 19 0

distance: 1603.4639436188227
initial: 16217.44786148092
step: 0, cost: 16082.547404220892
step: 100, cost: 7346.548230972038
step: 200, cost: 5651.769623451807
step: 300, cost: 5292.873871601179
step: 400, cost: 5176.646218029705
step: 500, cost: 5087.098614139193
step: 600, cost: 4988.245153851843
step: 700, cost: 4915.78199859792
step: 800, cost: 4810.751663776117
step: 900, cost: 4746.764077824862
Strategy: iterative_sol
truck 1: 0 136 99 108 104 150 14 141 148 138 139 0
truck 2: 0 64 129 133 121 47 49 50 0
truck 3: 0 69 68 70 114 122 117 113 124 119 37 19 0
truck 4: 0 100 97 7 3 9 17 6 0
truck 5: 0 61 60 115 120 127 125 123 135 29 34 27 0
truck 6: 0 54 59 103 98 101 13 16 5 2 0
truck 7: 0 137 92 82 81 91 84 144 143 1 8 42 45 39 0
truck 8: 0 52 41 10 4 11 12 15 110 111 0
truck 9: 0 131 74 65 71 62 0
truck 10: 0 53 63 36 35 26 28 0
truck 11: 0 56 57 145 149 80 86 93 0
truck 12: 0 18 21 33 58 112 106 107 105 146 140 147 142 89 78 83 90 0
truck 13: 0 51 46 48 40 43 38 44 66 134 132 25 0
truck 14: 0 55 130 73 72 67 126 24 23 30 32 31 22 20 0
truck 15: 0 94 96 95 75 87 88 85 76 77 79 102 109 128 116 118 0

distance: 4558.928367920821
initial: 517.1804117650861
step: 0, cost: 479.9515146782227
step: 100, cost: 427.7493443997748
step: 200, cost: 427.7493443997748
step: 300, cost: 427.7493443997748
step: 400, cost: 427.7493443997748
step: 500, cost: 427.7493443997748
step: 600, cost: 427.7493443997748
step: 700, cost: 427.7493443997748
step: 800, cost: 427.7493443997748
step: 900, cost: 427.7493443997748
Strategy: iterative_sol
truck 1: 0 14 1 5 0
truck 2: 0 10 9 2 0
truck 3: 0 11 3 7 0
truck 4: 0 4 13 8 0
truck 5: 0 6 15 12 0

distance: 427.7493443997748
initial: 6828.4897198133785
step: 0, cost: 6804.862280769685
step: 100, cost: 5018.854767956808
step: 200, cost: 4696.741337948893
step: 300, cost: 4225.369933821116
step: 400, cost: 4282.8454218821435
step: 500, cost: 4152.060009362354
step: 600, cost: 4135.090007474389
step: 700, cost: 3999.1780394664265
step: 800, cost: 4024.9134742005067
step: 900, cost: 3981.2623043523968
Strategy: iterative_sol
truck 1: 0 54 153 47 82 4 133 75 76 106 181 105 74 0
truck 2: 0 97 100 69 167 175 179 28 22 68 195 127 29 0
truck 3: 0 183 144 148 110 31 134 150 7 48 36 142 93 140 94 101 0
truck 4: 0 163 56 52 43 160 62 158 159 184 190 173 45 0
truck 5: 0 65 131 18 23 116 197 194 21 98 13 128 37 122 0
truck 6: 0 109 162 165 72 55 63 46 58 5 157 26 0
truck 7: 0 80 84 19 147 32 118 187 95 17 198 115 136 0
truck 8: 0 59 124 15 155 171 25 129 77 38 35 60 88 154 78 2 0
truck 9: 0 193 185 182 67 27 108 132 111 50 12 0
truck 10: 0 119 10 70 51 81 86 1 53 121 92 24 89 137 0
truck 11: 0 112 6 9 126 161 83 103 138 125 0
truck 12: 0 96 199 42 114 141 149 176 102 8 57 146 107 16 0
truck 13: 0 156 172 123 180 178 85 164 71 169 73 151 49 90 188 33 0
truck 14: 0 20 11 34 139 191 66 186 143 117 145 135 39 61 0
truck 15: 0 192 91 104 44 130 3 79 166 174 120 99 0
truck 16: 0 189 170 14 177 87 152 30 64 196 113 41 168 40 0

distance: 4013.695775949524
initial: 641.2296197763897
step: 0, cost: 606.9213991171687
step: 100, cost: 484.56576388515884
step: 200, cost: 484.56576388515884
step: 300, cost: 484.56576388515884
step: 400, cost: 484.56576388515884
step: 500, cost: 484.56576388515884
step: 600, cost: 484.56576388515884
step: 700, cost: 484.56576388515884
step: 800, cost: 484.56576388515884
step: 900, cost: 484.56576388515884
Strategy: iterative_sol
truck 1: 0 17 14 18 10 19 11 0
truck 2: 0 16 3 9 5 7 2 0
truck 3: 0 6 20 15 4 0
truck 4: 0 1 12 13 8 0

distance: 484.56576388515884
initial: 3432.414952403385
step: 0, cost: 3432.414952403385
step: 100, cost: 2326.6059365711862
step: 200, cost: 1919.326513271652
step: 300, cost: 1703.853197059829
step: 400, cost: 1672.6141083731793
step: 500, cost: 1570.3252909909545
step: 600, cost: 1551.134393751714
step: 700, cost: 1490.139060602813
step: 800, cost: 1462.4165898922763
step: 900, cost: 1470.5582718844473
Strategy: iterative_sol
truck 1: 0 67 208 214 160 42 37 164 71 237 134 15 0
truck 2: 0 22 1 52 165 114 56 111 231 229 167 168 163 69 0
truck 3: 0 47 157 46 107 43 102 156 216 161 99 182 210 0
truck 4: 0 153 155 128 220 215 213 151 92 87 25 133 6 0
truck 5: 0 38 89 33 159 219 218 57 58 172 177 225 234 174 65 0
truck 6: 0 140 86 90 141 94 154 95 149 98 158 101 48 4 0
truck 7: 0 110 185 11 16 137 199 202 207 127 13 0
truck 8: 0 189 183 68 187 191 0
truck 9: 0 5 53 74 131 136 84 203 146 7 0
truck 10: 0 44 170 190 236 171 104 209 40 35 34 148 2 0
truck 11: 0 83 197 198 66 142 193 118 178 135 75 17 0
truck 12: 0 63 36 240 60 113 76 119 70 0
truck 13: 0 88 30 200 26 8 123 103 162 9 0
truck 14: 0 21 28 93 150 152 212 206 205 79 138 196 239 195 179 232 0
truck 15: 0 39 100 188 211 147 125 238 59 14 173 77 0
truck 16: 0 80 61 85 62 81 32 143 144 126 204 0
truck 17: 0 20 73 24 82 181 145 121 224 184 0
truck 18: 0 12 23 78 19 18 120 194 192 49 227 228 223 221 0
truck 19: 0 132 72 186 139 180 233 117 175 235 176 115 0
truck 20: 0 55 230 217 166 106 108 222 129 226 64 0
truck 21: 0 122 91 201 31 27 112 130 124 97 0
truck 22: 0 50 10 51 116 54 105 45 169 109 96 3 41 29 0

distance: 1445.0451823237217
initial: 27181.660920142072
step: 0, cost: 26914.078300104455
step: 100, cost: 18797.753367370668
step: 200, cost: 15798.188834968367
step: 300, cost: 14543.941916204443
step: 400, cost: 13468.316767606804
step: 500, cost: 13134.341067677344
step: 600, cost: 12887.592476063763
step: 700, cost: 12487.96569475299
step: 800, cost: 12078.223176366218
step: 900, cost: 11783.292980650484
Strategy: iterative_sol
truck 1: 0 101 193 220 255 30 21 256 34 152 250 120 174 14 199 6 146 0
truck 2: 0 49 131 214 39 103 55 197 82 0
truck 3: 0 254 245 110 178 45 88 74 123 230 153 0
truck 4: 0 166 19 244 252 72 124 58 89 167 251 241 223 97 0
truck 5: 0 69 170 189 26 9 183 206 65 0
truck 6: 0 191 53 106 13 57 10 203 177 16 0
truck 7: 0 235 222 239 259 173 137 18 225 59 0
truck 8: 0 5 185 144 86 151 160 172 104 213 112 0
truck 9: 0 17 159 29 253 179 63 182 188 87 76 205 1 211 133 224 0
truck 10: 0 162 257 107 240 117 143 32 42 231 202 0
truck 11: 0 56 109 227 105 22 141 33 90 12 54 0
truck 12: 0 79 221 130 2 195 198 237 11 135 84 243 0
truck 13: 0 96 142 115 95 192 94 212 0
truck 14: 0 100 7 75 219 210 41 51 201 78 175 38 0
truck 15: 0 190 8 215 116 126 25 187 226 238 121 0
truck 16: 0 150 248 27 260 73 140 236 98 93 200 164 209 138 0
truck 17: 0 81 108 70 99 68 71 229 139 31 61 228 148 114 125 0
truck 18: 0 36 83 261 145 4 28 161 48 23 111 85 0
truck 19: 0 102 242 52 181 171 165 184 218 208 3 0
truck 20: 0 127 147 47 80 194 113 66 176 15 163 64 0
truck 21: 0 217 204 186 156 169 43 157 0
truck 22: 0 154 180 216 196 37 62 249 0
truck 23: 0 122 136 24 258 158 60 128 246 129 0
truck 24: 0 44 46 50 149 247 77 91 119 35 155 232 234 207 0
truck 25: 0 118 233 67 132 92 20 134 40 168 0

distance: 11707.206210746917
initial: 1894.7779750511354
step: 0, cost: 1701.1002332133887
step: 100, cost: 569.4904879615301
step: 200, cost: 569.4904879615301
step: 300, cost: 569.4904879615301
step: 400, cost: 569.4904879615301
step: 500, cost: 574.880149240374
step: 600, cost: 569.4904879615301
step: 700, cost: 570.2412807063324
step: 800, cost: 569.4904879615301
step: 900, cost: 569.4904879615301
Strategy: iterative_sol
truck 1: 0 18 10 12 9 17 7 13 16 26 28 27 25 29 3 20 19 0
truck 2: 0 21 14 8 15 11 23 0
truck 3: 0 22 2 5 4 1 24 6 0
truck 4: 0 0

distance: 573.5147617779942
initial: 122845.32975874466
step: 0, cost: 122457.31089255358
step: 100, cost: 104126.18582951333
step: 200, cost: 96326.522990646
step: 300, cost: 89182.33490614212
step: 400, cost: 87070.76634544355
step: 500, cost: 85124.77557133866
step: 600, cost: 76479.16163731577
step: 700, cost: 73918.71426528695
step: 800, cost: 70076.56341655119
step: 900, cost: 67762.10273241141
Strategy: iterative_sol
truck 1: 0 309 28 371 320 352 293 85 84 26 20 22 68 161 365 206 171 0
truck 2: 0 315 202 348 162 147 65 58 0
truck 3: 0 363 326 349 196 192 29 14 370 15 69 76 51 354 0
truck 4: 0 93 88 275 251 230 231 225 382 0
truck 5: 0 296 360 0
truck 6: 0 131 318 248 233 0
truck 7: 0 325 321 292 303 228 254 258 95 285 0
truck 8: 0 153 299 257 263 0
truck 9: 0 288 295 245 110 64 121 123 61 80 319 244 240 236 376 134 126 2 0
truck 10: 0 331 364 208 125 377 60 78 242 235 0
truck 11: 0 290 1 226 269 175 37 36 23 27 124 71 82 52 284 92 0
truck 12: 0 259 118 109 224 265 0
truck 13: 0 301 127 114 4 149 83 305 0
truck 14: 0 137 106 70 63 144 0
truck 15: 0 283 314 0
truck 16: 0 176 205 199 216 41 42 198 107 102 297 184 140 159 201 345 338 337 274 0
truck 17: 0 358 346 209 193 218 215 167 0
truck 18: 0 307 129 151 368 33 34 11 373 220 214 383 343 0
truck 19: 0 180 38 39 158 169 170 99 87 273 0
truck 20: 0 130 57 255 3 243 90 381 194 143 0
truck 21: 0 310 328 0
truck 22: 0 287 91 98 40 43 150 145 187 281 238 262 172 178 0
truck 23: 0 146 116 117 12 10 7 89 77 72 253 229 380 221 237 374 0
truck 24: 0 234 56 17 154 163 165 173 362 329 0
truck 25: 0 53 277 379 246 49 81 108 139 339 340 0
truck 26: 0 9 359 357 347 0
truck 27: 0 306 136 168 200 211 207 213 212 367 375 378 100 188 369 0
truck 28: 0 190 177 112 113 18 74 50 223 353 356 355 0
truck 29: 0 6 13 16 239 351 232 0
truck 30: 0 304 317 0
truck 31: 0 302 256 264 0
truck 32: 0 138 59 67 8 333 330 0
truck 33: 0 182 179 332 282 249 0
truck 34: 0 344 335 267 164 115 120 66 73 62 156 47 384 35 44 45 46 0
truck 35: 0 268 324 341 294 311 0
truck 36: 0 322 300 271 323 0
truck 37: 0 19 119 217 210 336 103 79 276 0
truck 38: 0 227 94 0
truck 39: 0 279 385 334 0
truck 40: 0 86 54 55 250 247 260 278 96 97 122 366 32 166 0
truck 41: 0 313 252 289 0
truck 42: 0 266 291 133 101 105 24 25 31 197 219 142 195 203 191 204 186 181 0
truck 43: 0 312 104 222 327 270 286 350 241 0
truck 44: 0 308 280 75 128 0
truck 45: 0 361 272 316 141 152 30 48 21 111 0
truck 46: 0 372 298 183 189 342 185 174 148 157 5 155 160 135 132 261 0
truck 47: 0 0

distance: 65777.80520908737
initial: 1398.760857668122
step: 0, cost: 1391.6283220792066
step: 100, cost: 1228.068547261595
step: 200, cost: 1170.859543054122
step: 300, cost: 1170.859543054122
step: 400, cost: 1170.8595430541222
step: 500, cost: 1170.859543054122
step: 600, cost: 1175.8105070127594
step: 700, cost: 1170.859543054122
step: 800, cost: 1170.859543054122
step: 900, cost: 1174.4396058934262
Strategy: iterative_sol
truck 1: 0 23 24 3 39 0
truck 2: 0 11 35 36 0
truck 3: 0 9 32 0
truck 4: 0 12 18 21 0
truck 5: 0 38 8 34 0
truck 6: 0 17 1 30 0
truck 7: 0 14 20 0
truck 8: 0 19 29 4 0
truck 9: 0 2 22 6 0
truck 10: 0 40 7 0
truck 11: 0 10 27 37 0
truck 12: 0 25 31 26 0
truck 13: 0 16 5 15 13 0
truck 14: 0 28 33 0

distance: 1170.8595430541222
initial: 2553.3447325783914
step: 0, cost: 2370.0631265760026
step: 100, cost: 866.0911079434304
step: 200, cost: 832.6817967711302
step: 300, cost: 829.8459287164986
step: 400, cost: 830.374124434666
step: 500, cost: 829.4428386321928
step: 600, cost: 833.9704421673463
step: 700, cost: 831.930606857688
step: 800, cost: 836.2791846091162
step: 900, cost: 834.427036832805
Strategy: iterative_sol
truck 1: 0 8 44 43 39 40 34 35 27 6 5 7 3 4 14 13 12 11 18 17 10 0
truck 2: 0 21 20 19 25 26 23 22 28 29 33 0
truck 3: 0 37 38 36 41 30 32 31 42 0
truck 4: 0 24 16 2 1 15 9 0

distance: 832.7848414509928
initial: 1674.6664084255642
step: 0, cost: 1606.7547438587442
step: 100, cost: 882.4534551232063
step: 200, cost: 819.6405088439896
step: 300, cost: 815.3028113292658
step: 400, cost: 805.8357422683915
step: 500, cost: 812.032707239497
step: 600, cost: 808.5344950269748
step: 700, cost: 804.7875044401247
step: 800, cost: 796.760858970003
step: 900, cost: 798.8431475885196
Strategy: iterative_sol
truck 1: 0 12 37 45 42 19 40 41 4 17 5 35 36 0
truck 2: 0 14 6 1 31 20 29 21 34 49 46 0
truck 3: 0 11 10 39 33 15 44 47 3 28 27 0
truck 4: 0 32 8 7 23 43 24 13 18 0
truck 5: 0 38 9 30 50 16 2 22 26 48 25 0

distance: 804.9566424739286
initial: 2725.516593030442
step: 0, cost: 2667.099314736005
step: 100, cost: 1140.6750919925312
step: 200, cost: 1050.9338633353955
step: 300, cost: 992.6984921311523
step: 400, cost: 909.3191905487431
step: 500, cost: 887.7454868196169
step: 600, cost: 892.3165841862071
step: 700, cost: 909.8280814768129
step: 800, cost: 894.732530322314
step: 900, cost: 896.916950171406
Strategy: iterative_sol
truck 1: 0 29 20 70 37 15 57 13 27 52 46 34 0
truck 2: 0 12 40 44 3 24 49 16 33 17 0
truck 3: 0 51 32 18 50 25 55 31 10 58 0
truck 4: 0 63 23 56 1 62 28 69 71 60 36 2 0
truck 5: 0 4 45 30 48 21 68 75 0
truck 6: 0 26 35 14 59 66 65 72 9 39 0
truck 7: 0 6 73 43 41 64 42 22 61 74 47 5 0
truck 8: 0 67 8 54 19 53 38 11 7 0

distance: 894.6556797926002
